  4912.0     -2.0    207.0    984.0     -2.0     -3.0     -1.0
135788.0    -31.0    201.0    992.0     -2.0      1.0     -1.0
241512.0    -44.0    212.0   1010.0     -4.0     -4.0     -2.0
347228.0      4.0    217.0    972.0     -3.0      3.0     -1.0
452976.0    -25.0    224.0    987.0     -4.0     -1.0     -2.0
558716.0     -5.0    210.0    981.0     -2.0      1.0     -3.0
664452.0    -24.0    222.0    993.0      1.0     -4.0     -2.0
770184.0    -11.0    228.0    959.0     -1.0     -4.0      1.0
875916.0    -21.0    214.0    999.0     -3.0     -2.0      0.0
984476.0     -5.0    208.0    998.0     -2.0     -1.0     -2.0
1090116.0     -5.0    215.0    970.0      0.0      1.0      0.0
1195788.0     -4.0    220.0    995.0     -3.0      0.0      0.0
1301548.0    -15.0    218.0    988.0     -1.0     -2.0     -3.0
1407320.0     -9.0    208.0    988.0     -3.0     -3.0     -2.0
1513016.0      0.0    209.0    996.0     -2.0     -3.0     -1.0
1618712.0      7.0    209.0    984.0     -1.0      2.0      0.0
1727064.0     -7.0    219.0    989.0     -1.0     -4.0     -1.0
1832828.0     11.0    212.0    979.0     -3.0     -5.0     -3.0
1938544.0      5.0    213.0    982.0     -1.0     -2.0      0.0
2044284.0    -13.0    211.0    980.0     -2.0      0.0     -2.0
2149984.0     -8.0    207.0    980.0     -1.0      1.0      0.0
2255748.0     -8.0    202.0    997.0     -2.0     -1.0     -3.0
2361500.0     -6.0    208.0    977.0     -2.0     -2.0     -1.0
2467248.0    -27.0    214.0   1006.0     -2.0     -1.0     -1.0
2575620.0     -1.0    215.0    989.0     -3.0      2.0     -2.0
2681380.0     -6.0    210.0    967.0     -2.0      4.0     -3.0
2787152.0    -32.0    203.0   1021.0     -4.0      5.0     -3.0
2892908.0    -26.0    204.0    997.0     -1.0     10.0      1.0
2998632.0    -38.0    223.0    982.0      1.0      2.0      0.0
3104380.0    -66.0    212.0    995.0      1.0     15.0     -1.0
3210132.0   -151.0    220.0   1005.0      1.0     54.0     -3.0
3315884.0   -188.0    233.0    927.0      1.0     42.0     -2.0
3424268.0   -243.0    201.0    946.0     -8.0     56.0     -1.0
3530028.0   -433.0    209.0    984.0      2.0     87.0     -1.0
3635816.0   -559.0    206.0    839.0     12.0     68.0    -10.0
3741588.0   -654.0    154.0    800.0     12.0     66.0     -3.0
3847368.0   -856.0    201.0    634.0     17.0     99.0     -4.0
3953160.0   -834.0    273.0    448.0     23.0    139.0    -17.0
4058920.0   -980.0    254.0    263.0     22.0    129.0    -18.0
4164676.0  -1005.0    251.0     24.0      8.0     99.0    -11.0
4273068.0   -989.0    197.0   -145.0    -12.0     87.0     -9.0
4378844.0   -917.0    210.0   -262.0    -17.0    109.0    -28.0
4484624.0   -880.0    129.0   -503.0     -6.0    112.0    -19.0
4590392.0   -741.0    141.0   -708.0    -13.0    101.0    -24.0
4696168.0   -558.0    148.0   -816.0    -20.0     89.0     -1.0
4801984.0   -441.0    136.0   -795.0     -9.0     99.0     -9.0
4907756.0   -361.0    121.0   -973.0    -21.0     98.0     -1.0
5013544.0    -81.0    223.0   -971.0    -14.0     91.0    -23.0
5121872.0    -25.0    154.0   -973.0      0.0     36.0    -14.0
5227644.0     81.0    193.0   -987.0     -9.0     -3.0     -6.0
5333424.0     -5.0    275.0   -925.0     -3.0     -3.0      5.0
5439180.0    -72.0    209.0   -989.0      2.0     -5.0      8.0
5544904.0   -497.0    302.0  -1059.0      0.0     -2.0     12.0
5650676.0    -13.0    209.0   -972.0    -14.0     -7.0      7.0
5756448.0    -49.0    211.0   -980.0     -6.0     -2.0      4.0
5862204.0     13.0    228.0   -942.0     -6.0     -1.0      2.0
5970580.0    -17.0    259.0   -946.0     -4.0     -3.0      1.0
6076352.0    -28.0    258.0   -944.0     -3.0     -3.0      1.0
6182104.0    -30.0    257.0   -948.0     -4.0     -1.0      1.0
6287868.0    -23.0    249.0   -951.0     -3.0     -2.0     -1.0
6393616.0    -21.0    255.0   -952.0     -1.0     -2.0      1.0
6499364.0    -20.0    252.0   -946.0      3.0     -1.0     -2.0
6605088.0    -28.0    249.0   -945.0     -2.0     -2.0      0.0
6710844.0    -37.0    243.0   -950.0     -2.0     -1.0      1.0
6819116.0    -13.0    233.0   -970.0     -3.0     -2.0      3.0
6924868.0    -45.0    209.0   -957.0     -3.0     -1.0     -1.0
7030588.0      2.0    256.0   -939.0      1.0      0.0     -1.0
7136284.0     -1.0    230.0   -954.0     -3.0      0.0     -1.0
7242064.0    -44.0    242.0   -963.0     -2.0     -2.0     -3.0
7347836.0    -38.0    238.0   -955.0     -8.0     -3.0      4.0
7453580.0     -1.0    256.0   -937.0     -2.0     -5.0      0.0
7559336.0    -42.0    208.0   -979.0      5.0      1.0     -2.0
7668220.0    -69.0    233.0   -941.0      2.0     -1.0     -5.0
7773968.0    -65.0    248.0   -950.0     -1.0     -4.0      1.0
7879720.0    -53.0    250.0   -952.0      2.0     -1.0      2.0
7985476.0    -30.0    242.0   -938.0      3.0     -1.0     -2.0
8091244.0    -61.0    220.0   -966.0      2.0     -5.0      2.0
8197000.0    -61.0    222.0   -964.0      1.0     -3.0      1.0
8302704.0    -63.0    213.0   -961.0      2.0      1.0      0.0
8410828.0    -53.0    218.0   -968.0      0.0     -1.0      2.0
8516576.0    -55.0    214.0   -962.0      1.0     -3.0     -1.0
8622308.0    -47.0    204.0   -960.0      0.0     -3.0     -1.0
8728048.0    -65.0    203.0   -958.0     -3.0      0.0      1.0
8833776.0    -64.0    195.0   -951.0      0.0     -4.0     -2.0
8939548.0    -79.0    195.0   -960.0     -2.0     -3.0     -1.0
9045320.0    -74.0    218.0   -946.0     -1.0     -2.0     -3.0
9151028.0    -83.0    222.0   -970.0     -2.0     -1.0      0.0
9259168.0    -66.0    214.0   -950.0     -2.0     -2.0      0.0
9364948.0    -75.0    212.0   -948.0     -4.0     -2.0      2.0
9470664.0    -76.0    232.0   -972.0     -7.0      0.0     -1.0
9576440.0    -78.0    246.0   -983.0    -27.0     -1.0      4.0
9682160.0    -90.0    287.0   -969.0    -44.0      0.0     -1.0
9787940.0    -45.0    407.0   -921.0    -61.0      4.0      5.0
9893732.0    -59.0    478.0   -869.0    -53.0     -1.0     -6.0
9999540.0    -50.0    552.0   -830.0    -55.0      6.0     -4.0
10107772.0    -62.0    674.0   -748.0    -51.0      4.0     -2.0
10214188.0    -45.0    724.0   -677.0    -63.0     -4.0     -1.0
10320632.0    -46.0    830.0   -583.0    -64.0     -5.0     -8.0
10427052.0    -72.0    834.0   -535.0    -61.0     -7.0     -8.0
10533480.0   -100.0    918.0   -389.0    -67.0      2.0     -4.0
10640068.0    -65.0    928.0   -262.0    -64.0    -10.0     -4.0
10746476.0    -86.0   1020.0   -156.0    -84.0    -12.0      7.0
10852844.0   -127.0    967.0     16.0    -80.0      3.0      0.0
10961696.0    -41.0    990.0    163.0    -62.0     26.0      7.0
11068132.0   -107.0    960.0    216.0    -38.0     31.0     11.0
11174532.0    -54.0    948.0    221.0     -5.0     -5.0      2.0
11280948.0    -44.0    946.0    301.0      9.0     -5.0      9.0
11387348.0     24.0   1045.0    244.0      5.0      3.0      2.0
11493724.0    -39.0    995.0    230.0      3.0     -1.0      1.0
11600032.0    -29.0    983.0    218.0      0.0     -5.0      0.0
11706364.0    -15.0   1002.0    243.0      3.0      0.0     -1.0
11815144.0    -34.0    969.0    220.0     -3.0     -1.0      0.0
11921564.0    -25.0    979.0    226.0      3.0     -4.0     -1.0
12027944.0    -24.0   1011.0    197.0      2.0     -3.0     -1.0
12134324.0     -4.0    987.0    209.0      2.0     -1.0     -1.0
12240648.0    -28.0    999.0    190.0      0.0     -1.0     -1.0
12346988.0    -22.0    989.0    187.0      0.0     -1.0     -2.0
12453332.0    -25.0    998.0    181.0      0.0      1.0     -2.0
12562136.0    -40.0    993.0    198.0     -1.0     -1.0     -1.0
12668480.0    -26.0    992.0    188.0      0.0      1.0     -1.0
12774820.0    -22.0    994.0    193.0      1.0      1.0      0.0
12881204.0    -24.0    993.0    183.0     -2.0     -3.0     -1.0
12987560.0    -24.0    993.0    182.0      0.0     -2.0     -2.0
13093900.0    -36.0    997.0    165.0     -1.0      1.0      0.0
13200284.0    -35.0    983.0    183.0     -3.0     -2.0     -1.0
13306596.0    -30.0    990.0    176.0     -2.0      0.0      0.0
13415316.0    -28.0    997.0    177.0     -3.0      1.0      1.0
13521648.0      0.0    999.0    194.0     -2.0      1.0     -1.0
13627956.0    -34.0    999.0    146.0     -4.0      0.0      0.0
13734356.0    -16.0    985.0    207.0      2.0      1.0     -3.0
13840740.0    -35.0    991.0    169.0     -3.0     -3.0     -1.0
13947092.0    -34.0   1008.0    168.0     -2.0      0.0     -1.0
14053428.0    -26.0    989.0    200.0     -1.0     -1.0      0.0
14159804.0    -29.0    987.0    177.0     -1.0     -1.0     -1.0
14268920.0    -19.0    995.0    197.0      0.0      1.0      0.0
14375292.0    -21.0    991.0    180.0      1.0     -1.0     -2.0
14481604.0    -19.0   1001.0    186.0     -2.0      0.0      0.0
14587928.0    -17.0   1006.0    174.0      0.0     -1.0     -1.0
14694324.0    -18.0    994.0    176.0     -3.0     -2.0     -1.0
14800652.0    -16.0    996.0    170.0      0.0      1.0     -1.0
14906988.0    -27.0    997.0    180.0     -1.0      1.0      0.0
15013380.0    -23.0    992.0    179.0     -2.0     -1.0     -1.0
15122272.0    -15.0    993.0    165.0     -2.0      0.0      0.0
15228612.0    -29.0    995.0    171.0     -2.0     -1.0      0.0
15334972.0    -11.0    997.0    182.0     -1.0      0.0     -1.0
15441320.0    -19.0    987.0    177.0     -4.0      0.0     -1.0
15547700.0    -11.0    995.0    173.0     -3.0      1.0     -2.0
15654108.0    -24.0    999.0    189.0      1.0     -3.0     -2.0
15760472.0    -17.0    990.0    167.0     -3.0      2.0      0.0
15869372.0    -26.0    992.0    179.0      0.0      0.0     -1.0
15975744.0    -19.0   1009.0    180.0     -1.0     -1.0     -2.0
16082112.0    -16.0    995.0    183.0     -3.0      1.0      0.0
16188452.0    -27.0   1009.0    160.0     -1.0     -3.0      0.0
16294836.0    -35.0    992.0    165.0     -2.0      1.0      1.0
16401204.0    -19.0   1001.0    179.0     -3.0     -1.0     -1.0
16507564.0    -32.0    990.0    177.0     -3.0      0.0     -1.0
16613920.0    -18.0    991.0    190.0     -2.0      0.0     -1.0
16722864.0      1.0    995.0    205.0     -2.0      0.0     -1.0
16829204.0    -35.0    988.0    179.0     -3.0      0.0     -1.0
16935544.0    -11.0    995.0    184.0      2.0      0.0     -1.0
17041868.0    -37.0    987.0    160.0      0.0      1.0     -1.0
17148180.0    -24.0   1003.0    177.0     -2.0      0.0      0.0
17254468.0    -23.0   1000.0    190.0     -1.0      0.0      0.0
17360800.0    -25.0    992.0    172.0     -2.0      0.0      0.0
17467136.0    -34.0    985.0    188.0     -1.0      0.0     -1.0
17576124.0    -26.0    999.0    186.0     -1.0      1.0     -2.0
17682452.0    -35.0   1005.0    157.0      0.0      1.0     -3.0
17788848.0    -33.0    992.0    160.0     -1.0     -3.0     -1.0
17895220.0    -35.0    996.0    182.0     -3.0      2.0      0.0
18001624.0    -36.0    987.0    169.0     -2.0      1.0     -1.0
18107968.0    -39.0   1000.0    167.0     -3.0     -1.0      0.0
18214284.0    -16.0   1001.0    189.0     -2.0      0.0      0.0
18320656.0    -31.0    996.0    167.0     -3.0     -1.0      1.0
18429640.0    -21.0    994.0    172.0     -2.0     -2.0     -1.0
18535980.0    -15.0   1002.0    196.0      0.0      1.0     -1.0
18642292.0    -32.0    985.0    173.0     -2.0      0.0      0.0
18748640.0    -20.0    996.0    186.0     -4.0     -1.0      0.0
18855008.0    -21.0    990.0    177.0     -2.0     -2.0      0.0
18961340.0    -19.0   1005.0    178.0     -2.0      0.0      0.0
19067728.0    -19.0    998.0    188.0     -2.0     -1.0      1.0
19174124.0    -20.0   1000.0    184.0     -2.0     -2.0     -1.0
19283028.0     -7.0    987.0    201.0     -2.0      0.0      0.0
19389360.0      0.0   1007.0    180.0     -2.0     -3.0     -1.0
19495640.0    -11.0   1000.0    173.0     -1.0      0.0      0.0
19601972.0    -25.0    984.0    190.0     -1.0      1.0      0.0
19708356.0    -21.0    991.0    180.0     -2.0     -4.0     -1.0
19814740.0     -9.0    999.0    185.0     -3.0     -1.0     -1.0
19921084.0     -8.0   1000.0    174.0     -2.0     -1.0      0.0
